P0 = [-0.1977019136436981, -0.39937271352807574, 0.454, 2.3026080868759613, 0.10981666956657357, -0.8181736775572053]

 [0.01654347215164919, -0.1782628485945557, 0.5678934636591569, 2.1854770816950837, 0.04504903580873669, -0.7707606604913247]
 Timestamp: 2025-08-18 04:28:04
Transformation Matrix:
0.032906 -0.999273 0.019252 0.036690
-0.083993 -0.021959 -0.996224 -0.004244
0.995923 0.031165 -0.084655 0.506128
0.000000 0.000000 0.000000 1.000000

[-0.08054225424878625, -0.27672993507210675, 0.504279550303617, 2.275870195540018, 0.06986945498023787, -0.7688810307496556]
Timestamp: 2025-08-18 04:29:08
Transformation Matrix:
0.012003 -0.996892 0.077865 0.037505
-0.149300 -0.078785 -0.985648 -0.015660
0.988719 0.000206 -0.149782 0.347884
0.000000 0.000000 0.000000 1.000000

[-0.016394520032769068, -0.2323853358800235, 0.5560510524691912, 2.2931089122520913, -0.04380384490310404, -0.809608788350244]

Timestamp: 2025-08-18 04:30:06
Transformation Matrix:
0.060814 -0.997919 -0.021448 0.056868
-0.154251 0.011833 -0.987961 -0.036827
0.986158 0.063390 -0.153210 0.438662
0.000000 0.000000 0.000000 1.000000

[-0.07226875770195508, -0.26654706973635084, 0.5424823686235727, 2.3274200013997164, -0.003662768240892882, -0.8660251854268555]
Timestamp: 2025-08-18 04:30:34
Transformation Matrix:
-0.007451 -0.999875 -0.013945 0.012010
-0.195987 0.015135 -0.980490 -0.020039
0.980578 -0.004573 -0.196075 0.377828
0.000000 0.000000 0.000000 1.000000

[-0.004959093721945695, -0.19304658852359496, 0.5980089596784435, 2.32440929350259, 0.03180722651979778, -0.8547534888358237]
Timestamp: 2025-08-18 04:31:20
Transformation Matrix:
0.032219 -0.998478 0.044771 0.197586
-0.620373 0.015143 0.784161 0.073808
-0.783645 -0.053039 -0.618941 0.782460
0.000000 0.000000 0.000000 1.000000

[-0.06135361384277979, -0.20861460952173264, 0.5859458941367357, 2.3213866186666845, 0.13773161339705212, -0.9046220098795956]
Timestamp: 2025-08-18 04:31:54
Transformation Matrix:
-0.113474 -0.991454 0.064357 -0.081174
-0.149336 -0.047020 -0.987668 -0.027810
0.982254 -0.121685 -0.142724 0.429253
0.000000 0.000000 0.000000 1.000000

[-0.022521109161613692, -0.2540844470792101, 0.5636221331680787, 2.3403982377965113, -0.0709108267006562, -0.7788158799728312]
Timestamp: 2025-08-18 04:32:33
Transformation Matrix:
0.082686 -0.995885 -0.037105 0.090187
-0.224299 0.017680 -0.974360 -0.042786
0.971006 0.088889 -0.221914 0.420858
0.000000 0.000000 0.000000 1.000000

[0.05032235891387288, -0.15838845741612573, 0.6745025516148584, 2.3920565996459913, -0.09525561439109088, -0.7812446221063689]
Timestamp: 2025-08-18 04:33:11
Transformation Matrix:
0.116741 -0.990557 -0.071894 0.091546
-0.245595 0.041348 -0.968490 -0.081576
0.962317 0.130719 -0.238448 0.576171
0.000000 0.000000 0.000000 1.000000

[-0.12765766685950977, -0.2800910658411006, 0.4764212674409959, 2.3357412123562704, 0.0038770206956172414, -0.9315409271066142]
Timestamp: 2025-08-18 04:33:41
Transformation Matrix:
-0.049755 -0.996477 -0.067508 -0.037638
-0.157933 0.074591 -0.984628 -0.034079
0.986196 -0.038328 -0.161088 0.289816
0.000000 0.000000 0.000000 1.000000

 [-0.06223067197473079, -0.3110317725307618, 0.5115200508941053, 2.359060235565192, -0.12825413838425262, -0.8281036400093164]
 Timestamp: 2025-08-18 04:34:00
Transformation Matrix:
0.047194 -0.994464 -0.093886 0.093252
-0.209915 0.082018 -0.974273 -0.042578
0.976580 0.065688 -0.204882 0.332386
0.000000 0.000000 0.000000 1.000000

[0.004985109394995017, -0.22494496900009836, 0.5690236688371682, 2.356138433887602, -0.15183159356691156, -0.8898993172269914]
Timestamp: 2025-08-18 04:34:31
Transformation Matrix:
0.033621 -0.984630 -0.171384 0.057825
-0.251053 0.157662 -0.955047 -0.075037
0.967389 0.075136 -0.241893 0.453539
0.000000 0.000000 0.000000 1.000000

 [-0.1196276154874163, -0.29127704134789656, 0.5106298210866007, 2.459878954186044, 0.02823038250162776, -0.908613662153025]
 Timestamp: 2025-08-18 04:34:59
Transformation Matrix:
-0.037676 -0.998305 -0.044352 -0.020435
-0.352990 0.054818 -0.934020 -0.061392
0.934868 -0.019534 -0.354457 0.299416
0.000000 0.000000 0.000000 1.000000

 [0.0414954468657014, -0.19584547083421205, 0.6320693523928672, 2.4290217508303438, -0.17841944956576433, -0.8559987620610754]
Timestamp: 2025-08-18 04:35:29
Transformation Matrix:
0.116837 -0.983482 -0.138250 0.095834
-0.196344 0.113582 -0.973934 -0.109282
0.973549 0.140936 -0.179830 0.517825
0.000000 0.000000 0.000000 1.000000

[-0.0399835160591194, -0.26805454745004137, 0.5297658779764303, 2.3323660204024734, -0.20064676440518897, -0.9573960534533609]
Timestamp: 2025-08-18 04:36:02
Transformation Matrix:
-0.020242 -0.978405 -0.205702 0.038561
-0.174241 0.206048 -0.962904 -0.043444
0.984495 0.016351 -0.174649 0.384211
0.000000 0.000000 0.000000 1.000000



# T矩阵列表 (共14个)
ts = [
    [
        [0.032906, -0.999273, 0.019252, 0.036690],
        [-0.083993, -0.021959, -0.996224, -0.004244],
        [0.995923, 0.031165, -0.084655, 0.506128],
        [0.000000, 0.000000, 0.000000, 1.000000]
    ],
    [
        [0.012003, -0.996892, 0.077865, 0.037505],
        [-0.149300, -0.078785, -0.985648, -0.015660],
        [0.988719, 0.000206, -0.149782, 0.347884],
        [0.000000, 0.000000, 0.000000, 1.000000]
    ],
    [
        [0.060814, -0.997919, -0.021448, 0.056868],
        [-0.154251, 0.011833, -0.987961, -0.036827],
        [0.986158, 0.063390, -0.153210, 0.438662],
        [0.000000, 0.000000, 0.000000, 1.000000]
    ],
    [
        [-0.007451, -0.999875, -0.013945, 0.012010],
        [-0.195987, 0.015135, -0.980490, -0.020039],
        [0.980578, -0.004573, -0.196075, 0.377828],
        [0.000000, 0.000000, 0.000000, 1.000000]
    ],
    [
        [0.032219, -0.998478, 0.044771, 0.197586],
        [-0.620373, 0.015143, 0.784161, 0.073808],
        [-0.783645, -0.053039, -0.618941, 0.782460],
        [0.000000, 0.000000, 0.000000, 1.000000]
    ],
    [
        [-0.113474, -0.991454, 0.064357, -0.081174],
        [-0.149336, -0.047020, -0.987668, -0.027810],
        [0.982254, -0.121685, -0.142724, 0.429253],
        [0.000000, 0.000000, 0.000000, 1.000000]
    ],
    [
        [0.082686, -0.995885, -0.037105, 0.090187],
        [-0.224299, 0.017680, -0.974360, -0.042786],
        [0.971006, 0.088889, -0.221914, 0.420858],
        [0.000000, 0.000000, 0.000000, 1.000000]
    ],
    [
        [0.116741, -0.990557, -0.071894, 0.091546],
        [-0.245595, 0.041348, -0.968490, -0.081576],
        [0.962317, 0.130719, -0.238448, 0.576171],
        [0.000000, 0.000000, 0.000000, 1.000000]
    ],
    [
        [-0.049755, -0.996477, -0.067508, -0.037638],
        [-0.157933, 0.074591, -0.984628, -0.034079],
        [0.986196, -0.038328, -0.161088, 0.289816],
        [0.000000, 0.000000, 0.000000, 1.000000]
    ],
    [
        [0.047194, -0.994464, -0.093886, 0.093252],
        [-0.209915, 0.082018, -0.974273, -0.042578],
        [0.976580, 0.065688, -0.204882, 0.332386],
        [0.000000, 0.000000, 0.000000, 1.000000]
    ],
    [
        [0.033621, -0.984630, -0.171384, 0.057825],
        [-0.251053, 0.157662, -0.955047, -0.075037],
        [0.967389, 0.075136, -0.241893, 0.453539],
        [0.000000, 0.000000, 0.000000, 1.000000]
    ],
    [
        [-0.037676, -0.998305, -0.044352, -0.020435],
        [-0.352990, 0.054818, -0.934020, -0.061392],
        [0.934868, -0.019534, -0.354457, 0.299416],
        [0.000000, 0.000000, 0.000000, 1.000000]
    ],
    [
        [0.116837, -0.983482, -0.138250, 0.095834],
        [-0.196344, 0.113582, -0.973934, -0.109282],
        [0.973549, 0.140936, -0.179830, 0.517825],
        [0.000000, 0.000000, 0.000000, 1.000000]
    ],
    [
        [-0.020242, -0.978405, -0.205702, 0.038561],
        [-0.174241, 0.206048, -0.962904, -0.043444],
        [0.984495, 0.016351, -0.174649, 0.384211],
        [0.000000, 0.000000, 0.000000, 1.000000]
    ]
]
# Ptest点列表 (共14个) 初始点位
pts = [
    [0.016543, -0.178263, 0.567893, 2.185477, 0.045049, -0.770761],
    [-0.080542, -0.276730, 0.504280, 2.275870, 0.069869, -0.768881],
    [-0.016395, -0.232385, 0.556051, 2.293109, -0.043804, -0.809609],
    [-0.072269, -0.266547, 0.542482, 2.327420, -0.003663, -0.866025],
    [-0.004959, -0.193047, 0.598009, 2.324409, 0.031807, -0.854753],
    [-0.061354, -0.208615, 0.585946, 2.321387, 0.137732, -0.904622],
    [-0.022521, -0.254084, 0.563622, 2.340398, -0.070911, -0.778816],
    [0.050322, -0.158388, 0.674503, 2.392057, -0.095256, -0.781245],
    [-0.127658, -0.280091, 0.476421, 2.335741, 0.003877, -0.931541],
    [-0.062231, -0.311032, 0.511520, 2.359060, -0.128254, -0.828104],
    [0.004985, -0.224945, 0.569024, 2.356138, -0.151832, -0.889900],
    [-0.119628, -0.291277, 0.510630, 2.459879, 0.028230, -0.908614],
    [0.041495, -0.195845, 0.632069, 2.429022, -0.178419, -0.855999],
    [-0.039984, -0.268055, 0.529766, 2.332366, -0.200647, -0.957396]
]

输出diff = Pts - P0  (14个)
diffs = [
    [0.214245, 0.221110, 0.113893, -0.117131, -0.064768, 0.047413],
    [0.117159, 0.122643, 0.050280, -0.026738, -0.039948, 0.049292],
    [0.181307, 0.166988, 0.102051, -0.009499, -0.153621, 0.008565],
    [0.125433, 0.132825, 0.088482, 0.024812, -0.113480, -0.047851],
    [0.192743, 0.206325, 0.144009, 0.021801, -0.078010, -0.036580],
    [0.136348, 0.190758, 0.131946, 0.018779, 0.027915, -0.086448],
    [0.175180, 0.145289, 0.109622, 0.037790, -0.180728, 0.039357],
    [0.248024, 0.240985, 0.220503, 0.089449, -0.205073, 0.036928],
    [0.069044, 0.119282, 0.022421, 0.033135, -0.105940, -0.113368],
    [0.135471, 0.088341, 0.057520, 0.056452, -0.238071, 0.009931],
    [0.202687, 0.174427, 0.115024, 0.053530, -0.261649, -0.071726],
    [0.078074, 0.108106, 0.056630, 0.157271, -0.081587, -0.090440],
    [0.239197, 0.203528, 0.178069, 0.126416, -0.288236, -0.037826],
    [0.157718, 0.131318, 0.075766, 0.029758, -0.310464, -0.139222]
]

输入
xyz_rpy_list = [
    [0.036690, -0.004244, 0.506128, 1.549637, 0.084290, -1.538326],
    [0.037505, -0.015660, 0.347884, 1.570601, 0.149592, -1.582935],
    [0.056868, -0.036827, 0.438662, 1.508162, 0.154810, -1.510409],
    [0.012010, -0.020039, 0.377828, 1.566264, 0.196342, -1.585848],
    [0.197586, 0.073808, 0.782460, -0.793630, -0.620009, -1.586129],
    [-0.081174, -0.027810, 0.429253, 1.448636, -0.113235, -1.682479],
    [0.090187, -0.042786, 0.420858, 1.481431, 0.224726, -1.489000],
    [0.091546, -0.081576, 0.576171, 1.440332, 0.246177, -1.455244],
    [-0.037638, -0.034079, 0.289816, 1.531368, 0.158540, -1.620404],
    [0.093252, -0.042578, 0.332386, 1.501548, 0.210420, -1.525010],
    [0.057825, -0.075037, 0.453539, 1.495963, 0.251772, -1.407569],
    [-0.020435, -0.061392, 0.299416, 1.591300, 0.353576, -1.625322],
    [0.095834, -0.109282, 0.517825, 1.429308, -0.196788, -1.682394],
    [0.038561, -0.043444, 0.384211, 1.554308, 0.174750, -1.746400]
]


Timestamp: 2025-08-18 04:54:30
Transformation Matrix:
0.021499 -0.996049 0.086164 0.024288
-0.047689 -0.087108 -0.995057 -0.036842
0.998631 0.017283 -0.049373 0.480819
0.000000 0.000000 0.000000 1.000000

Timestamp: 2025-08-18 05:59:13
Transformation Matrix:
0.060851 -0.997656 -0.031289 0.050047
-0.240945 0.015738 -0.970411 -0.063617
0.968629 0.066589 -0.239422 0.448036
0.000000 0.000000 0.000000 1.000000

Timestamp: 2025-08-18 06:02:47
Transformation Matrix:
-0.066268 -0.991778 -0.109473 0.015473
-0.194237 0.120437 -0.973533 -0.058343
0.978714 -0.043251 -0.200621 0.444156
0.000000 0.000000 0.000000 1.000000

Timestamp: 2025-08-24 21:37:27
Transformation Matrix:
0.057201 -0.997087 -0.050444 0.058211
-0.184654 0.039089 -0.982026 -0.024704
0.981138 0.065487 -0.181880 0.299005
0.000000 0.000000 0.000000 1.000000

